-28.0 41.0
-15.0 41.0
11.0 41.0
24.0 41.0
38.0 41.0
51.0 41.0
64.0 41.0
77.0 41.0
90.0 41.0
104.0 41.0
117.0 41.0
110.0 34.0
97.0 34.0
64.0 34.0
38.0 34.0
-15.0 34.0
-42.0 27.0
-15.0 27.0
38.0 27.0
51.0 27.0
71.0 27.0
104.0 27.0
110.0 21.0
97.0 21.0
71.0 21.0
51.0 21.0
38.0 21.0
-15.0 21.0
-42.0 21.0
-42.0 14.0
-15.0 14.0
38.0 14.0
51.0 14.0
104.0 14.0
110.0 8.0
97.0 8.0
90.0 8.0
51.0 8.0
38.0 8.0
-15.0 8.0
-42.0 8.0
-42.0 1.0
-28.0 1.0
-15.0 1.0
-2.0 1.0
5.0 1.0
11.0 1.0
24.0 1.0
31.0 1.0
44.0 1.0
57.0 1.0
71.0 1.0
77.0 1.0
84.0 1.0
97.0 1.0
110.0 1.0
110.0 -6.0
84.0 -6.0
64.0 -6.0
51.0 -6.0
38.0 -6.0
-15.0 -6.0
-15.0 -12.0
44.0 -12.0
57.0 -12.0
71.0 -12.0
110.0 -12.0
104.0 -19.0
71.0 -19.0
57.0 -19.0
44.0 -19.0
-15.0 -19.0
-42.0 -19.0
-42.0 -25.0
-15.0 -25.0
24.0 -25.0
38.0 -25.0
51.0 -25.0
64.0 -25.0
104.0 -25.0
110.0 -32.0
64.0 -32.0
51.0 -32.0
24.0 -32.0
11.0 -32.0
-15.0 -32.0
-42.0 -32.0
-28.0 -39.0
-15.0 -39.0
18.0 -39.0
31.0 -39.0
44.0 -39.0
57.0 -39.0
71.0 -39.0
84.0 -39.0
97.0 -39.0
110.0 -39.0
117.0 -45.0
104.0 -45.0
90.0 -45.0
77.0 -45.0
64.0 -45.0
51.0 -45.0
38.0 -45.0
24.0 -45.0
11.0 -45.0
-2.0 -45.0
-15.0 -45.0
-28.0 -45.0
-42.0 -45.0
