-42.5 -42.5
-37.5 -42.5
-32.5 -42.5
-27.5 -42.5
-22.5 -42.5
-17.5 -42.5
-12.5 -42.5
-7.5 -42.5
-2.5 -42.5
2.5 -42.5
7.5 -42.5
12.5 -42.5
17.5 -42.5
22.5 -42.5
27.5 -42.5
32.5 -42.5
37.5 -42.5
42.5 -42.5
47.5 -42.5
52.5 -42.5
57.5 -42.5
62.5 -42.5
67.5 -42.5
72.5 -42.5
77.5 -42.5
82.5 -42.5
87.5 -42.5
92.5 -42.5
97.5 -42.5
102.5 -42.5
107.5 -42.5
112.5 -42.5
117.5 -42.5
122.5 -42.5
-42.5 -37.5
-32.5 -37.5
-27.5 -37.5
-17.5 -37.5
-12.5 -37.5
12.5 -37.5
22.5 -37.5
37.5 -37.5
42.5 -37.5
47.5 -37.5
57.5 -37.5
62.5 -37.5
67.5 -37.5
72.5 -37.5
77.5 -37.5
82.5 -37.5
87.5 -37.5
92.5 -37.5
97.5 -37.5
102.5 -37.5
107.5 -37.5
112.5 -37.5
122.5 -37.5
-42.5 -32.5
-37.5 -32.5
-32.5 -32.5
-17.5 -32.5
-12.5 -32.5
12.5 -32.5
37.5 -32.5
42.5 -32.5
47.5 -32.5
57.5 -32.5
67.5 -32.5
72.5 -32.5
97.5 -32.5
102.5 -32.5
107.5 -32.5
112.5 -32.5
117.5 -32.5
122.5 -32.5
-42.5 -27.5
-37.5 -27.5
-17.5 -27.5
-12.5 -27.5
22.5 -27.5
37.5 -27.5
42.5 -27.5
47.5 -27.5
52.5 -27.5
72.5 -27.5
97.5 -27.5
102.5 -27.5
107.5 -27.5
122.5 -27.5
-42.5 -22.5
-37.5 -22.5
-17.5 -22.5
-12.5 -22.5
12.5 -22.5
17.5 -22.5
37.5 -22.5
42.5 -22.5
47.5 -22.5
52.5 -22.5
72.5 -22.5
97.5 -22.5
102.5 -22.5
107.5 -22.5
122.5 -22.5
-42.5 -17.5
-37.5 -17.5
-17.5 -17.5
-12.5 -17.5
12.5 -17.5
17.5 -17.5
37.5 -17.5
42.5 -17.5
47.5 -17.5
52.5 -17.5
102.5 -17.5
107.5 -17.5
112.5 -17.5
117.5 -17.5
122.5 -17.5
-42.5 -12.5
-17.5 -12.5
-12.5 -12.5
37.5 -12.5
42.5 -12.5
47.5 -12.5
52.5 -12.5
62.5 -12.5
67.5 -12.5
107.5 -12.5
112.5 -12.5
117.5 -12.5
122.5 -12.5
-42.5 -7.5
-37.5 -7.5
-17.5 -7.5
-12.5 -7.5
-7.5 -7.5
37.5 -7.5
42.5 -7.5
47.5 -7.5
52.5 -7.5
57.5 -7.5
72.5 -7.5
77.5 -7.5
87.5 -7.5
92.5 -7.5
97.5 -7.5
102.5 -7.5
107.5 -7.5
122.5 -7.5
-42.5 -2.5
-37.5 -2.5
-32.5 -2.5
-27.5 -2.5
-22.5 -2.5
-17.5 -2.5
-12.5 -2.5
-7.5 -2.5
-2.5 -2.5
2.5 -2.5
7.5 -2.5
12.5 -2.5
17.5 -2.5
22.5 -2.5
27.5 -2.5
32.5 -2.5
37.5 -2.5
42.5 -2.5
47.5 -2.5
52.5 -2.5
57.5 -2.5
62.5 -2.5
67.5 -2.5
72.5 -2.5
77.5 -2.5
82.5 -2.5
87.5 -2.5
92.5 -2.5
97.5 -2.5
102.5 -2.5
107.5 -2.5
112.5 -2.5
117.5 -2.5
122.5 -2.5
-42.5 2.5
-37.5 2.5
-32.5 2.5
-27.5 2.5
-22.5 2.5
-17.5 2.5
-12.5 2.5
-7.5 2.5
-2.5 2.5
2.5 2.5
7.5 2.5
12.5 2.5
22.5 2.5
27.5 2.5
32.5 2.5
37.5 2.5
42.5 2.5
47.5 2.5
52.5 2.5
57.5 2.5
62.5 2.5
67.5 2.5
72.5 2.5
77.5 2.5
82.5 2.5
87.5 2.5
92.5 2.5
97.5 2.5
102.5 2.5
107.5 2.5
112.5 2.5
117.5 2.5
122.5 2.5
-42.5 7.5
-17.5 7.5
-12.5 7.5
22.5 7.5
32.5 7.5
37.5 7.5
42.5 7.5
47.5 7.5
52.5 7.5
57.5 7.5
62.5 7.5
67.5 7.5
82.5 7.5
87.5 7.5
92.5 7.5
97.5 7.5
107.5 7.5
112.5 7.5
117.5 7.5
122.5 7.5
-42.5 12.5
-17.5 12.5
-12.5 12.5
17.5 12.5
42.5 12.5
47.5 12.5
52.5 12.5
57.5 12.5
62.5 12.5
67.5 12.5
72.5 12.5
102.5 12.5
107.5 12.5
112.5 12.5
117.5 12.5
122.5 12.5
-42.5 17.5
-17.5 17.5
-12.5 17.5
12.5 17.5
42.5 17.5
47.5 17.5
52.5 17.5
57.5 17.5
62.5 17.5
67.5 17.5
72.5 17.5
102.5 17.5
107.5 17.5
122.5 17.5
-42.5 22.5
-17.5 22.5
-12.5 22.5
7.5 22.5
12.5 22.5
17.5 22.5
22.5 22.5
32.5 22.5
37.5 22.5
42.5 22.5
47.5 22.5
52.5 22.5
57.5 22.5
62.5 22.5
67.5 22.5
72.5 22.5
102.5 22.5
107.5 22.5
-42.5 27.5
-17.5 27.5
-12.5 27.5
7.5 27.5
12.5 27.5
17.5 27.5
22.5 27.5
27.5 27.5
32.5 27.5
37.5 27.5
42.5 27.5
47.5 27.5
52.5 27.5
57.5 27.5
62.5 27.5
67.5 27.5
72.5 27.5
102.5 27.5
107.5 27.5
112.5 27.5
117.5 27.5
-42.5 32.5
-17.5 32.5
-12.5 32.5
7.5 32.5
12.5 32.5
17.5 32.5
22.5 32.5
27.5 32.5
32.5 32.5
37.5 32.5
47.5 32.5
52.5 32.5
57.5 32.5
62.5 32.5
67.5 32.5
72.5 32.5
82.5 32.5
92.5 32.5
107.5 32.5
112.5 32.5
117.5 32.5
122.5 32.5
-42.5 37.5
-27.5 37.5
-22.5 37.5
-17.5 37.5
-12.5 37.5
17.5 37.5
22.5 37.5
27.5 37.5
32.5 37.5
37.5 37.5
42.5 37.5
47.5 37.5
52.5 37.5
57.5 37.5
62.5 37.5
67.5 37.5
72.5 37.5
82.5 37.5
87.5 37.5
92.5 37.5
97.5 37.5
102.5 37.5
107.5 37.5
-42.5 42.5
-37.5 42.5
-32.5 42.5
-27.5 42.5
-22.5 42.5
-17.5 42.5
-12.5 42.5
-7.5 42.5
-2.5 42.5
2.5 42.5
7.5 42.5
12.5 42.5
17.5 42.5
22.5 42.5
27.5 42.5
32.5 42.5
37.5 42.5
42.5 42.5
47.5 42.5
52.5 42.5
57.5 42.5
62.5 42.5
67.5 42.5
72.5 42.5
77.5 42.5
82.5 42.5
87.5 42.5
92.5 42.5
97.5 42.5
102.5 42.5
107.5 42.5
112.5 42.5
117.5 42.5
